,날짜,종가,거래량,내용
0,2023-08-02,69900,13835020,27
1,2023-08-03,68800,20087090,37
2,2023-08-04,68300,12360193,23
3,2023-08-07,68500,10968505,37
4,2023-08-08,67600,14664709,124
5,2023-08-09,68900,17259673,63
6,2023-08-10,68000,10227311,33
7,2023-08-11,67500,9781038,30
8,2023-08-14,67300,9352343,41
9,2023-08-16,67000,13174578,140
10,2023-08-17,66700,10778652,22
11,2023-08-18,66300,11745006,58
12,2023-08-21,66600,9720067,52
13,2023-08-22,66600,10500242,62
14,2023-08-23,67100,9549352,60
15,2023-08-24,68200,15044463,52
16,2023-08-25,67100,7032462,44
17,2023-08-28,66800,5824628,39
18,2023-08-29,66800,9114352,61
19,2023-08-30,67100,9181223,58
20,2023-08-31,66900,15964630,62
